# ----- Rotor performance tables for the WEIS Turbine wind turbine ----- 
# ------------ Written on Jul-10-25 using the ROSCO toolbox ------------ 

# Pitch angle vector, 10 entries - x axis (matrix columns) (deg)
-5.0   -1.111   2.778   6.667   10.56   14.44   18.33   22.22   26.11   30.0   
# TSR vector, 10 entries - y axis (matrix rows) (-)
2.0    3.111    4.222    5.333    6.444    7.556    8.667    9.778    10.89    12.0    
# Wind speed vector - z axis (m/s)
9.475    

# Power coefficient

-0.001780   0.004756   0.011650   0.019405   0.028700   0.037807   0.043634   0.045072   0.042381   0.036293   
0.008221   0.033834   0.062869   0.085173   0.094415   0.091216   0.078772   0.060133   0.037069   0.010092   
0.056506   0.119463   0.156485   0.163485   0.147876   0.118480   0.079782   0.033954   -0.017400   -0.067894   
0.160101   0.232465   0.247717   0.224624   0.179265   0.118435   0.047152   -0.032493   -0.115609   -0.177363   
0.289008   0.338969   0.322480   0.268177   0.189784   0.094298   -0.014805   -0.136615   -0.249286   -0.319683   
0.401775   0.420340   0.377085   0.295555   0.184763   0.050423   -0.105709   -0.278750   -0.416247   -0.511312   
0.445115   0.464847   0.414606   0.312434   0.167595   -0.013070   -0.228173   -0.460056   -0.621116   -0.773182   
0.403515   0.468680   0.439510   0.321612   0.139092   -0.097449   -0.384975   -0.682640   -0.875046   -1.122526   
0.342888   0.431255   0.452621   0.324137   0.099033   -0.204498   -0.578850   -0.948887   -1.190968   -1.571945   
0.265154   0.384067   0.452915   0.320417   0.046808   -0.336165   -0.812649   -1.261483   -1.580460   -2.134017   


#  Thrust coefficient

0.072264   0.068886   0.065636   0.063319   0.062741   0.063254   0.062466   0.058944   0.052600   0.043857   
0.111858   0.112449   0.117729   0.122803   0.120619   0.109684   0.091911   0.069743   0.044454   0.016381   
0.185983   0.202047   0.211032   0.200785   0.173707   0.136585   0.092650   0.043797   -0.007732   -0.054640   
0.306967   0.327559   0.313272   0.270169   0.210146   0.138785   0.061595   -0.018178   -0.094131   -0.140480   
0.468709   0.465814   0.412076   0.327632   0.226533   0.117189   0.004367   -0.109148   -0.199902   -0.223510   
0.652945   0.603923   0.499760   0.370157   0.227044   0.077375   -0.075550   -0.224154   -0.316000   -0.303262   
0.832634   0.726386   0.576206   0.402881   0.215713   0.021378   -0.177187   -0.358568   -0.436852   -0.388465   
0.978227   0.831395   0.646066   0.428869   0.194218   -0.050022   -0.299489   -0.509071   -0.560924   -0.485068   
1.119138   0.920075   0.710994   0.449501   0.163269   -0.136394   -0.441197   -0.673491   -0.689643   -0.595475   
1.264714   1.009735   0.771000   0.465501   0.123259   -0.237387   -0.601172   -0.850634   -0.825690   -0.720692   


# Torque coefficient

-0.000895   0.002392   0.005858   0.009758   0.014432   0.019011   0.021942   0.022664   0.021311   0.018250   
0.002657   0.010937   0.020323   0.027533   0.030521   0.029487   0.025464   0.019439   0.011983   0.003262   
0.013459   0.028455   0.037274   0.038941   0.035223   0.028221   0.019004   0.008088   -0.004145   -0.016172   
0.030190   0.043836   0.046712   0.042357   0.033804   0.022333   0.008891   -0.006127   -0.021800   -0.033445   
0.045102   0.052899   0.050325   0.041851   0.029617   0.014716   -0.002310   -0.021320   -0.038903   -0.049889   
0.053479   0.055950   0.050193   0.039341   0.024593   0.006712   -0.014071   -0.037104   -0.055406   -0.068060   
0.051652   0.053942   0.048112   0.036256   0.019448   -0.001517   -0.026478   -0.053386   -0.072076   -0.089722   
0.041504   0.048207   0.045206   0.033080   0.014306   -0.010023   -0.039597   -0.070213   -0.090004   -0.115458   
0.031669   0.039831   0.041804   0.029937   0.009147   -0.018888   -0.053463   -0.087640   -0.109998   -0.145185   
0.022222   0.032188   0.037958   0.026854   0.003923   -0.028173   -0.068107   -0.105723   -0.132456   -0.178849   

