# ----- Rotor performance tables for the WEIS Turbine wind turbine ----- 
# ------------ Written on Jul-24-25 using the ROSCO toolbox ------------ 

# Pitch angle vector, 10 entries - x axis (matrix columns) (deg)
-5.0   -1.111   2.778   6.667   10.56   14.44   18.33   22.22   26.11   30.0   
# TSR vector, 10 entries - y axis (matrix rows) (-)
2.0    3.111    4.222    5.333    6.444    7.556    8.667    9.778    10.89    12.0    
# Wind speed vector - z axis (m/s)
9.144    

# Power coefficient

-0.003476   0.003410   0.010583   0.018335   0.027556   0.038436   0.047077   0.049944   0.047284   0.040674   
0.002977   0.028733   0.059228   0.089452   0.103364   0.101001   0.087815   0.068054   0.043734   0.015701   
0.043550   0.115515   0.166724   0.178096   0.162631   0.132114   0.091840   0.044355   -0.008601   -0.064713   
0.145989   0.244069   0.266304   0.244514   0.198615   0.136487   0.063068   -0.018691   -0.107611   -0.183741   
0.292412   0.357021   0.345563   0.292833   0.214660   0.117501   0.005983   -0.119344   -0.248010   -0.328368   
0.406110   0.435943   0.401437   0.324535   0.215222   0.079477   -0.079271   -0.260072   -0.424704   -0.514243   
0.422347   0.465595   0.437011   0.345179   0.204120   0.022812   -0.195070   -0.442223   -0.636847   -0.767927   
0.368798   0.446390   0.454809   0.357445   0.182314   -0.053663   -0.344386   -0.667360   -0.891491   -1.105953   
0.295508   0.399743   0.452175   0.362128   0.149680   -0.151586   -0.530091   -0.937404   -1.200770   -1.541870   
0.200921   0.342013   0.433243   0.359293   0.105679   -0.272780   -0.755035   -1.255387   -1.578468   -2.088150   


#  Thrust coefficient

0.076599   0.072948   0.069259   0.066244   0.065017   0.065992   0.066963   0.064555   0.058066   0.048643   
0.117536   0.116665   0.121582   0.129939   0.131559   0.121062   0.102102   0.078363   0.051444   0.021944   
0.192002   0.209672   0.226277   0.219750   0.191690   0.152313   0.105838   0.054501   0.000539   -0.052855   
0.318144   0.349713   0.341300   0.296996   0.234016   0.159256   0.078228   -0.005227   -0.088556   -0.150602   
0.494561   0.503694   0.450354   0.362577   0.257289   0.142786   0.024688   -0.094937   -0.203451   -0.248385   
0.697180   0.653123   0.547461   0.413551   0.264759   0.108328   -0.051502   -0.211753   -0.331808   -0.339226   
0.886613   0.783135   0.632809   0.454999   0.260848   0.058085   -0.149245   -0.351208   -0.467325   -0.430830   
1.044584   0.892523   0.710287   0.490051   0.247304   -0.007141   -0.267823   -0.509244   -0.608551   -0.532207   
1.201461   0.993131   0.779922   0.519985   0.224869   -0.086883   -0.406280   -0.682813   -0.756090   -0.647804   
1.363144   1.097085   0.844072   0.545358   0.193952   -0.180766   -0.563591   -0.870512   -0.912058   -0.779303   


# Torque coefficient

-0.001748   0.001715   0.005321   0.009219   0.013856   0.019326   0.023671   0.025113   0.023775   0.020452   
0.000962   0.009288   0.019145   0.028914   0.033412   0.032648   0.028385   0.021998   0.014137   0.005075   
0.010373   0.027513   0.039710   0.042418   0.038735   0.031467   0.021874   0.010564   -0.002048   -0.015413   
0.027527   0.046021   0.050213   0.046105   0.037450   0.025736   0.011892   -0.003524   -0.020291   -0.034646   
0.045630   0.055712   0.053924   0.045696   0.033497   0.018336   0.000934   -0.018623   -0.038701   -0.051241   
0.054053   0.058024   0.053431   0.043195   0.028646   0.010578   -0.010551   -0.034615   -0.056528   -0.068445   
0.049007   0.054025   0.050709   0.040053   0.023685   0.002647   -0.022635   -0.051313   -0.073897   -0.089107   
0.037931   0.045911   0.046777   0.036763   0.018751   -0.005519   -0.035420   -0.068638   -0.091689   -0.113747   
0.027291   0.036918   0.041760   0.033444   0.013824   -0.014000   -0.048956   -0.086573   -0.110897   -0.142399   
0.016838   0.028662   0.036307   0.030110   0.008856   -0.022860   -0.063274   -0.105205   -0.132281   -0.174994   

